100 2
3.518 -0.131
4.281 1.3147
3.596 0.6729
3.821 0.7726
4.502 1.5409
3.749 1.7142
4.349 0.9042
3.849 1.2614
3.877 1.4481
3.193 1.2081
3.149 0.6380
3.998 0.4283
4.101 0.8571
3.917 0.8788
4.740 1.1602
4.492 0.4951
3.891 0.4415
3.937 1.0401
4.691 1.2572
3.888 0.8578
3.795 0.8483
4.558 2.0095
3.952 1.6015
3.397 0.8659
3.396 1.6681
4.006 0.9292
4.185 2.2331
3.514 1.2680
4.348 1.5169
3.905 1.0336
4.350 1.1208
3.732 0.7554
4.608 1.3865
4.513 1.3294
3.515 1.9164
4.796 1.1809
4.488 1.3324
3.436 0.3422
3.497 1.2315
3.927 1.7537
4.785 0.6002
3.777 1.0886
3.388 0.7531
4.009 1.4735
4.584 1.3769
4.351 0.9288
3.988 1.9153
4.169 1.0098
4.132 -0.100
4.029 0.2979
3.113 2.3360
2.847 2.3479
2.107 1.7605
3.816 1.6653
3.019 2.1522
2.739 1.6251
2.727 1.2136
2.415 3.0776
2.717 1.4537
2.763 3.1874
2.949 1.4508
2.953 2.2258
3.121 1.2238
2.718 2.3112
2.311 2.2061
2.783 2.2849
2.822 1.7834
3.047 2.6912
2.664 1.9062
2.310 1.3537
2.417 1.6112
2.300 2.1540
3.033 1.5674
2.519 1.5418
3.081 1.6666
3.195 1.8773
2.311 2.1071
2.821 1.6157
1.619 2.2888
2.375 1.9029
2.328 0.9640
2.605 1.4064
3.005 2.0203
3.173 1.7383
2.206 2.6185
2.888 1.3751
3.157 2.0910
2.796 3.1675
2.759 2.0439
2.535 2.0110
2.876 1.6887
3.327 0.5988
2.544 2.1996
3.503 2.1644
2.011 2.1073
3.113 1.7115
1.925 2.0606
3.034 2.6948
3.308 2.6826
2.851 1.7564
2.229 2.0066
2.467 2.7020
3.048 3.2337
2.996 1.9834
1.756 1.0603
2.428 1.0472
1.473 1.9734
2.275 0.8464
2.920 3.0131
2.736 1.2068
2.421 1.9803
2.384 1.7363
3.823 1.7087
2.103 1.9811
2.806 1.8720
2.348 1.9933
3.356 1.8248
2.710 2.1361
2.781 2.3187
1.927 2.2419
1.819 1.7935
2.584 2.6259
2.520 2.1906
2.497 2.2881
2.211 1.7758
3.456 1.9500
2.379 2.1319
3.045 1.4882
2.821 2.1143
2.558 2.3035
3.290 2.3558
1.466 2.3082
2.561 2.2350
3.024 0.9430
2.827 0.3954
3.669 1.7088
2.526 2.0860
3.096 2.0930
2.365 1.8051
2.101 2.9949
3.481 2.5022
1.698 1.1296
2.215 1.7214
2.803 2.2502
2.075 1.9809
2.688 1.5563
3.620 2.5901
2.640 2.0264
2.838 2.4009
1.916 1.0476
3.033 2.4574
2.462 2.2914
2.183 2.0367
3.155 1.6487
2.049 2.5418
2.824 1.5725
2.385 1.2153
2.994 2.1010
2.784 1.6197
2.446 2.1397
3.497 2.0985
2.660 2.1840
1.980 1.9356
1.855 1.9394
2.166 1.9318
2.594 1.9598
2.827 1.2588
3.310 2.1528
2.723 2.1442
1.862 1.7952
1.519 1.7656
3.043 2.9794
1.846 2.1074
2.630 2.4658
2.810 1.7895
2.177 1.4284
2.432 1.7325
1.943 2.4603
2.945 2.0195
2.011 2.4413
2.536 2.7449
2.195 2.6246
3.005 1.6336
1.745 1.7158
2.011 2.1632
2.759 1.8099
2.602 1.6117
1.729 1.0771
2.001 2.0053
2.087 2.1632
3.214 2.1646
2.841 2.7956
2.487 2.1078
2.138 2.0797
2.342 2.4465
2.745 2.2148
3.357 2.1790
2.577 1.4644
2.007 2.2561
2.632 1.9409