400 2
2.8145 -0.9120
1.9509 0.1150
4.4929 0.7223
3.9570 1.2031
3.0688 2.5260
4.4706 1.3959
4.6626 2.2546
2.9770 0.2766
5.6108 0.1031
1.2513 1.9617
4.9298 1.2256
6.1637 0.8947
3.1743 1.7705
4.0991 2.1160
5.0446 1.3136
4.5602 0.5994
5.1697 2.8110
5.4632 1.2875
3.3512 0.6455
3.1290 -1.2657
4.7725 1.4414
5.7797 1.3956
3.4519 1.6938
3.9716 0.9053
2.6907 0.4348
5.1278 0.3315
4.4186 0.0759
5.9245 1.0937
3.9503 4.4405
4.6008 -0.9139
3.3546 1.8051
2.8443 0.7388
4.6118 -0.0970
3.9362 0.1055
4.6643 -0.5203
3.0233 2.9588
4.1685 3.0831
4.6029 2.1722
6.0855 1.1365
4.8196 2.5168
3.8215 -0.9551
2.2537 1.3136
5.1217 0.0069
4.8783 -0.3504
3.3039 0.6391
2.6337 1.2681
5.1058 1.1059
5.4791 1.5690
4.0854 -0.7293
2.2878 3.1421
4.4310 4.9205
3.6333 1.0983
1.1063 0.9298
3.2755 1.3153
4.6104 1.7293
2.3033 1.8467
4.7197 2.8759
5.0411 2.6302
4.1945 2.0210
3.4194 -0.3879
4.1078 -0.3884
1.7792 0.8059
5.2164 0.4828
3.0165 1.9516
4.3532 0.7368
4.2726 2.2102
5.2287 0.7747
4.6670 0.2067
4.2210 2.3830
3.9348 -0.2789
4.3050 0.7101
2.9304 1.6038
6.3830 -0.4728
4.9992 1.7549
3.2757 1.3050
2.4730 -0.7905
3.7162 2.8181
2.6220 2.3417
2.4042 0.6541
3.5549 1.8252
4.1441 -0.1295
5.7043 2.7202
3.1367 0.0948
6.1187 1.7297
4.9445 -0.2019
2.8312 1.0097
2.9270 0.1875
4.7079 3.1038
2.3923 0.8479
5.4381 2.6102
3.3015 -0.1049
2.5895 -2.0052
3.3672 2.6429
5.3610 1.3773
1.9953 2.0030
2.4029 1.7726
1.6840 1.0917
5.5031 1.7441
2.2138 0.0747
4.9291 1.9960
4.5009 1.9378
5.1989 0.5894
3.8834 1.7260
4.4592 1.9676
3.7291 0.5207
5.5534 -1.7542
3.8399 1.2613
4.0222 1.4613
5.6004 -3.3455
4.5750 -1.3708
3.1694 1.7669
5.2540 0.3066
4.8628 0.3172
6.3677 0.4463
4.7467 1.8626
2.9280 2.1898
3.7165 0.9511
3.5597 3.2822
2.6702 1.7627
2.4512 -1.6601
4.9349 1.1068
2.4582 -1.1028
5.0895 -0.5452
2.6715 1.6624
1.2253 2.3514
2.8465 -0.4659
5.7808 2.2318
1.6195 1.4571
3.1943 1.2185
4.0196 1.7816
6.9489 1.0558
1.5666 -1.0013
3.8339 -0.0542
2.5614 -1.4966
4.4817 0.9837
4.8080 0.8566
3.8890 2.6635
4.3201 2.3575
2.0576 1.2231
2.0076 1.6077
5.9895 0.7719
5.2444 -1.0952
3.8185 3.1859
4.3069 2.4420
1.8711 0.3392
3.6916 0.9624
2.4077 -0.3590
3.5149 1.8799
3.7471 0.4102
4.5316 2.4827
2.3923 2.2152
0.4184 1.5158
1.5761 3.7635
2.1626 0.6346
-1.4284 2.6755
0.5291 3.3004
2.0231 0.8197
1.5411 1.6963
-2.5641 0.7429
2.5322 1.4214
-0.5226 3.9114
-0.5179 1.6412
1.0593 2.9691
0.0655 -0.2477
0.5004 1.2540
-0.4041 1.1938
0.6932 0.4848
0.9516 2.3928
1.5792 1.4447
1.4794 2.0592
1.0927 3.3452
0.8327 3.6695
0.1760 2.4949
2.7864 0.2231
1.0136 1.6965
0.9235 2.8663
2.0901 4.0980
0.1121 3.8730
1.2720 -0.4696
0.7836 1.3063
0.3968 3.6436
2.1078 -0.1785
3.6753 3.4079
1.3029 2.8380
1.0163 1.3708
2.1009 3.0312
1.8745 1.5072
0.8776 3.2574
1.2923 1.4788
1.1828 0.0311
3.3891 4.4492
1.6818 3.6463
2.9059 3.7130
0.9296 2.0073
3.1016 0.9564
0.8581 0.2952
0.7791 2.5726
-1.0276 1.1697
1.7417 3.1796
0.2502 2.5809
0.7473 2.2183
2.9541 2.1161
1.2241 1.9163
0.3645 1.4253
2.9484 0.9677
0.8777 2.7721
0.1610 0.0289
-0.3622 2.0906
1.8655 -1.8415
0.0648 2.6500
0.4520 1.9137
-0.8677 -0.5462
1.0249 0.9938
0.1568 2.1392
0.2733 3.2017
1.6837 4.5242
-0.1246 1.7873
1.5067 2.1688
1.5870 2.2480
1.4459 0.2906
1.1311 0.7551
2.5645 0.0190
1.7964 0.8165
0.5319 1.4542
0.0835 4.0553
3.2891 5.6819
0.3836 1.3430
1.8113 1.4975
2.8324 3.2007
0.4652 0.3715
2.2636 3.3788
-1.0284 3.7193
2.0511 2.3988
-0.5120 2.8894
1.4548 1.4391
2.2136 1.5210
3.5564 1.2297
2.5797 1.0326
2.6248 2.9603
0.3975 1.6585
0.5448 2.5540
0.5124 3.6494
0.8155 0.8442
1.4355 2.9154
1.3225 2.2946
2.2667 1.4108
3.1051 1.8993
0.3322 1.9344
0.6596 1.7462
1.0240 3.3243
1.4758 2.6891
1.0930 1.8141
1.9011 2.1718
-1.0617 1.7197
0.7540 1.5386
0.1198 2.5071
1.6408 2.1916
-1.6905 0.7645
2.3015 1.1825
0.9110 -0.3107
-1.2274 3.2063
0.9572 1.8916
2.1166 0.5040
2.6986 2.2606
1.5789 2.4194
1.7528 2.1758
2.5176 0.3071
-0.6788 1.7419
0.8844 0.8621
4.9954 3.4967
1.6968 1.3472
0.5395 5.1059
1.3609 3.0221
2.9760 0.5424
0.4192 1.9110
-0.1053 3.3196
2.1888 4.2154
0.9436 3.2811
2.6413 0.7255
1.5663 1.1698
0.3868 2.9451
1.1988 1.9321
1.5753 2.0057
-0.0551 0.8855
3.2511 3.7247
2.5664 3.3540
0.7174 2.4594
0.8508 1.9917
1.7784 2.6640
2.3729 1.2119
3.6052 1.7129
3.2798 3.8166
0.6058 3.8408
1.4961 3.5409
1.4546 3.2108
1.6936 2.2266
3.4976 -0.2157
0.8315 2.0218
0.5504 0.9545
-0.3106 0.6739
-1.8848 1.5655
3.1014 6.3167
6.8051 8.2908
4.2140 2.1741
11.3669 -0.3100
8.0796 0.7675
2.7565 0.2492
-2.0753 4.7713
4.4264 -3.3039
5.8457 2.8564
-2.5058 -7.6346
3.2581 6.2480
1.5785 -1.5311
0.8648 5.2943
1.1431 -0.8442
-1.3005 2.6683
5.2820 6.9158
2.6066 3.2402
-6.0716 -5.3611
9.0659 1.0290
2.9527 0.5964
-6.5870 0.1792
0.7032 -1.7826
0.0487 -5.5185
7.4195 4.5357
7.5372 6.1269
1.3293 7.3248
6.3816 6.9538
11.0489 0.2362
10.6103 15.2095
-1.5691 -0.9735
0.1952 1.4304
0.9417 -0.9059
5.5537 -4.1834
-0.5904 0.3310
4.2234 1.9162
3.2865 -0.7364
-0.0128 3.2408
2.8488 2.0035
4.3417 8.2737
8.8017 -1.9164
1.4741 -0.5680
5.7810 1.1974
4.9351 8.3582
1.3997 11.9242
5.4716 8.3837
0.3117 5.2574
3.0076 1.3899
10.2230 -3.6997
1.5517 -4.3906
3.8476 6.3487
2.5980 1.0314
2.1416 4.6036
-0.4522 4.5270
7.0360 -1.3656
-0.9567 3.6289
3.2278 -1.7999
10.6165 -4.7387
5.2917 2.1799
0.0286 4.6906
-2.2036 -3.9970
-2.3015 7.0713
7.9197 2.7233
-2.9796 -2.4185
1.4323 6.3717
3.2414 3.9966
-2.8009 4.9325
5.2532 1.4789
4.4522 0.3125
8.9933 -4.9846
6.7667 -3.5951
-1.8386 -5.8199
3.5586 -0.7691
7.9917 -4.6136
4.7797 -5.4962
3.8566 7.5349
5.5815 -3.4542
6.4819 4.5497
-5.5409 -2.4643
1.9856 1.3073
0.6931 -1.7221
-4.5552 1.2145
-2.7505 -7.2758
7.8789 0.7465
3.8880 2.7254
-1.5477 6.1235
6.6172 0.1288
3.3984 3.2804
8.4844 1.3283
7.2007 -1.3958
-2.5358 1.5585
3.7141 -3.6803
-0.6467 3.9157
-1.3927 2.7652
3.1968 3.8550
5.0224 5.3155
8.1033 3.8063
-0.2179 4.2747
5.2143 8.7047
2.6274 2.7800